21144
9716
6585
18442
26283
31420
26777
29447
8482
4688
24885
3690
30094
32394
18511
7425
10327
19391
11321
6629
5635
15090
1595
9296
32693
27720
2869
7598
244
3516
28549
28151
4782
25108
8747
25147
16253
13332
17195
22911
27944
2545
22835
13255
24429
11529
2686
14196
22526
22992
23800
24784
30665
11278
16803
20456
17788
6984
28473
18586
32073
7035
20499
30958
3559
13841
1865
31146
26329
12045
20763
15648
31730
2697
17040
24651
8729
1634
11356
4634
10570
23602
9479
1292
22493
24446
32332
7933
11019
19505
10688
23360
174
22857
20660
4845
3656
25553
9051
8060
18759
17935
9008
2963
9351
12030
27794
17949
18201
3583
17329
2972
8259
26315
26798
31168
31943
8620
30462
312
360
11245
21520
10696
11947
31886
28975
23708
20955
20797
25769
10460
1871
14210
7729
13952
12784
13882
14978
23398
3061
11078
14917
1697
13553
12676
8245
30229
24848
8958
14977
27201
3485
2914
7025
19547
24264
7859
1357
31394
2727
2109
19835
12016
30074
9678
31463
13198
25395
803
9128
23117
25142
10657
19936
27090
21341
6214
22499
30002
13119
30686
11164
20927
2226
24442
16685
7969
7310
15646
13526
5544
24244
14010
29720
3808
7247
5979
17946
31846
27482
7331
13131
16635
28515
14455
4169
8151
23438
6903
12290
13887
21980
6323
281
13146
8109
16667
6795
16961
10116
14648
31634
23125
26635
11930
713
27093
14423
30354
24721
3760
29036
11681
2228
20887
3332
27439
26441
5975
8588
23936
23768
15462
24432
25061
17854
3771
29592
27951
4306
6627
29491
22633
10568
31058
13491
26055
14294
9463
14872
4569
32534
27667
4210
1284
22316
4682
18593
14643
3240
17147
28000
10186
9902
20173
6786
5084
22612
26506
6522
17565
8523
20017
10017
17434
25026
10054
18100
30247
25991
26989
17948
7065
10863
6711
22387
5558
26105
19772
25539
32234
3630
6506
31505
26044
27083
30876
1434
21247
27554
17774
6748
19533
23870
19280
7896
2481
7366
7386
5143
7588
29219
9312
13547
10811
16229
8901
18807
30366
4195
4244
21489
30908
19874
5452
31399
10045
5753
2300
21312
10168
1650
13328
29509
11559
27122
16747
27104
6808
9757
5814
1763
15909
22516
1783
4875
14373
28352
4965
23943
25252
17844
11899
17076
19729
206
13643
4139
8247
12542
4885
27133
32367
906
17176
5437
13331
177
9384
19391
19509
7567
21889
32032
23953
9536
1627
8454
9153
15688
32190
32425
14512
2354
15640
3475
593
12664
31757
21412
10385
20899
28174
25688
10122
4531
1581
25933
20985
28353
11567
15359
22514
30435
7651
18646
9682
31824
23475
21348
12150
965
30585
3047
31658
29223
5780
17942
996
15721
28730
20762
15411
9392
13583
4314
22386
13237
5367
15483
7105
5483
22313
26151
23350
31203
14470
12302
25807
4972
1064
21163
427
28414
6717
22601
21114
11225
22806
12741
8499
22121
7291
2197
31493
27245
18242
29193
9871
16472
2848
26577
19027
27127
25278
10688
22376
16981
29199
27856
3184
13532
16610
31589
9418
32700
947
10966
2057
30097
26311
18985
3492
576
3960
28190
10478
30497
18381
15984
4425
25188
2125
10327
14999
30125
21525
6737
12786
16386
6953
11554
12957
16103
5896
24089
1850
2759
21891
16022
2877
8854
26062
15561
24736
6837
23512
27068
11737
13078
7640
24724
30729
6304
12328
13076
28022
21973
29527
32610
13371
14002
2170
4878
4414
9174
20418
16208
31587
14567
13652
17041
28415
6706
16468
27437
5520
19857
6211
22392
5547
6802
29836
30463
7989
13781
10841
12560
2006
15286
19627
21628
2987
15916
4778
13467
1595
27121
30778
6033
14253
1764
19662
22992
27192
22443
9345
27358
3034
7324
24419
1881
4173
15838
15120
21560
12087
24779
8840
16211
21153
27801
12346
18726
18858
16954
5730
7121
4988
11136
24981
4964
22144
17797
18842
7002
22478
27210
1148
1379
1768
23966
20445
15719
29095
16706
9357
32455
13429
5194
18524
28390
15037
16838
12844
16616
25504
674
29770
18105
24298
5835
8446
4945
22084
6547
23904
4663
13995
30039
5742
14404
11808
14943
3164
12714
12705
23813
10283
12597
8025
7962
20349
17616
20756
10373
10920
21322
13045
4909
4361
10074
12907
28186
3995
11233
6497
31703
15815
15728
10677
12314
21630
13578
3308
12454
15238
4139
27684
23921
273
23048
17481
9218
28564
14873
19084
8734
13782
19413
29969
23459
21832
9149
31720
1972
19092
9627
26175
14614
9336
4108
30678
26074
31957
24892
4787
4669
2051
30961
24854
8908
11880
7115
23471
6604
25673
15306
15
17368
13279
10768
19293
6092
11694
5608
19786
19938
13074
32008
26438
29211
20251
28947
3061
30177
4506
22114
4828
1258
8316
4
29793
8543
29527
19715
498
19262
27971
10985
28292
14077
18667
8579
15167
22384
2788
19429
23671
16108
28221
25262
10975
7085
32599
15246
29945
21365
22774
25093
17617
630
14233
11629
11755
24946
22279
30778
14202
22305
20011
23681
14034
14547
23841
6583
11808
32342
24977
1980
857
27930
25916
15127
9072
32403
31444
16004
26060
1503
23825
1452
17401
22697
1025
32051
14750
32589
9376
23543
24751
12348
20136
6551
7651
6819
7338
11827
29033
17479
10846
32627
16343
32435
17720
7883
10083
14230
2875
15613
13653
10343
27666
30431
4028
10570
16477
24414
26464
11063
27465
27331
17913
7513
14947
7989
3230
16820
30638
11903
13952
13579
25074
23828
13272
11777
32600
23120
28958
14206
32308
28161
24188
27220
6178
7974
2946
27171
11092
14327
11035
10618
32298
19237
5056
14654
24835
7778
4075
10064
8788
7716
4815
12394
2295
16038
9542
18762
18629
28208
7947
17171
9574
31897
41
3824
14184
7178
32435
25850
1935
24324
7350
21084
29804
22437
23148
29364
5681
15399
22706
22717
5316
13481
32700
27180
9234
13874
32264
13015
6822
3827
13200
29468
22138
1996
23876
28033
25613
16146
5303
14232
7093
8336
30745
4646
10551
7883
3685
3203
12693
4491
15323
30532
2855
23958
23217
27160
15341
18879
19462
24816
12836
9503
5399
13411
27415
8867
23733
29008
31800
3527
23799
21445
12911
15520
7468
26911
15282
25376
2067
7539
3798
11158
12879
14381
1445
14452
25877
3063
23856
29525
16680
24029
4199
19774
3591
18350
16614
