20709
21970
22714
29285
30701
685
6037
25558
7897
3181
11789
30600
1975
27189
16074
27987
15246
26437
29980
23576
27469
20510
3471
26626
23810
31462
19648
11788
14668
12047
22640
2244
19731
12340
9943
4686
4982
28739
30778
1963
7173
11489
3776
28988
8497
31754
6274
13441
25344
3064
32737
29479
6662
6727
5660
23362
5776
26198
19490
19671
24610
8944
28068
30877
26916
11052
4719
23556
10968
32401
14841
15991
15759
18558
17721
5086
16669
30409
17084
26728
10634
9127
16630
14727
17418
22220
6870
24636
2095
25043
29341
28820
2398
23519
20207
12915
7296
131
3626
6032
1529
30175
9208
21185
17374
15884
21792
29817
18530
22459
26018
12430
14482
21016
27906
12608
835
22517
17636
7032
25672
30244
17881
10317
10216
8484
18041
30668
17039
15873
4274
249
4291
12917
16735
17169
21338
16467
17948
7186
15338
12325
27993
26749
7554
3860
15534
20571
5527
1033
366
25982
16705
18
20351
30473
21160
19975
25193
15923
6840
17773
5292
18503
23325
9370
24919
16879
29803
22042
9174
1971
17564
9554
2572
8125
18880
9827
27810
223
23792
21842
414
19159
6532
12389
7479
21457
17542
20944
29927
12077
18534
19600
6339
4483
6382
20632
5896
13796
4985
23083
32246
10339
12128
28809
12257
6612
4790
14285
15749
8404
24373
23062
15002
3082
19319
3045
16552
10668
23658
12230
5149
10308
21246
23859
8093
29876
8736
20149
14745
14711
236
31564
26659
25387
27934
24337
5888
20044
12746
14106
29695
579
17998
13470
25994
7583
6532
27481
20347
22434
7484
32562
6705
15103
9705
21788
12258
32226
29338
19258
25650
6961
28972
15430
31237
4369
4798
21043
15250
26797
17510
27665
22714
27443
24610
6962
32663
10270
10770
31627
25431
12475
11748
27484
9547
11494
4239
26132
21563
11541
10820
1647
30205
23961
31905
29665
20293
32544
22825
16183
23999
18557
19441
29308
14427
5548
7835
22553
18921
2064
1928
15681
6629
31744
22858
13196
6036
30594
18008
5602
6992
30294
3334
21659
4639
14135
8116
19684
1931
28253
7493
12133
430
326
11731
14881
25485
12214
6048
18845
18855
19965
8272
1348
5325
29816
3670
11018
5939
18522
24237
15952
6088
16812
712
7687
8131
4755
15051
17945
18046
5074
24571
16388
28552
23183
13171
1736
12022
23386
1306
25092
18425
15979
18129
31836
31158
18731
24561
14621
3665
247
21748
3364
24651
27424
6002
24316
18959
3638
4688
12870
13255
6278
17972
8798
13172
20449
2619
28731
29502
11935
17647
10135
21000
20964
12659
8016
29256
7458
1281
22799
11030
14047
2199
1063
3971
17081
31468
10176
43
31911
20137
14388
31502
6529
6358
7097
7579
4291
17298
25153
3342
13198
22792
13470
14588
13551
31390
16106
11308
1892
22639
6694
24489
13212
15612
31009
17429
3199
286
7323
30016
25710
31808
21163
19450
10188
17610
1374
16933
189
21728
7329
23822
26669
26445
14177
4605
18453
8378
32752
22794
4857
22820
8107
25139
29878
6541
5594
8364
122
8689
30167
8310
20
2939
20595
23091
18542
23289
19605
31033
14167
6030
13092
18405
16006
14758
29223
13873
8156
1583
23339
11913
16106
10759
8421
11483
11187
10672
22553
19438
19123
31051
32699
15604
15904
20676
21587
23906
29807
4170
29350
24319
26
18690
3474
13883
7329
15868
15162
17091
1231
29030
7523
26194
32318
4607
26910
32202
15901
23759
4520
28803
2865
18198
6798
18915
16666
1154
21780
4399
6360
15780
3288
21408
23181
2725
26547
5306
23684
1589
31968
6361
29555
3269
26464
15885
14333
31734
22428
22311
17787
1617
26701
15636
22012
28472
15001
2666
24458
17180
7550
13633
5808
24561
17524
31556
31289
25055
20814
21512
19513
18491
13666
23964
7250
26293
11753
30561
18224
30419
24489
32539
3926
23966
21969
25673
13085
31131
26660
1458
9209
3324
19545
3393
17151
6168
22210
15890
18084
14361
11821
26829
11720
24052
30472
31283
25587
29087
14792
22518
31454
13694
2187
32718
7477
32286
10235
7369
7835
4645
16246
1763
19695
18057
21613
24790
26317
11009
5386
18483
23384
23225
13846
19378
14135
17738
26649
7110
25310
1001
10179
10613
5647
3806
28042
10087
9376
26425
149
8509
2174
2240
28889
7460
19698
14379
31874
31657
16163
404
25748
2511
2013
31529
29906
31070
4752
8228
17119
13183
26012
22525
26787
14726
20427
32221
15856
2063
3871
31831
21861
12364
21711
20819
16531
7069
19084
3658
24415
11617
32008
10425
16039
14093
20409
11983
18985
29307
24027
13417
21920
30340
27828
3137
16687
22992
21275
8546
15619
30701
31291
1248
28725
3231
23445
965
1773
6519
8260
22862
27597
18855
17797
20824
12429
18453
27254
28437
27106
15278
11038
27651
677
24061
11438
8991
18993
24572
16134
15446
16909
4394
14203
11324
28363
31965
26840
23552
12335
29146
23714
3488
25748
10275
12705
20569
23436
30992
17307
6498
23495
23969
99
21721
16438
10003
3603
766
28783
9649
9877
13727
14420
12781
19560
467
17135
19375
15520
14827
15521
17389
16943
934
24700
9340
20068
7844
29933
18982
31409
28445
31646
25852
22449
8403
6298
21229
11625
30277
29875
2200
4303
6182
7969
31839
29320
30989
12907
18365
2806
8558
16523
29401
18290
30665
19021
7771
7382
22817
17912
32638
25407
5552
31024
25190
7953
9689
10779
9909
23355
11102
27587
27225
30908
4819
2491
22183
5990
26963
22278
17326
31713
14961
25652
9669
5876
2673
24782
31079
4608
16569
11252
8513
1229
5762
22597
27272
14473
24019
9983
11152
7182
13488
15975
12443
19812
30863
8044
27375
23687
3595
7815
5675
11114
20700
25573
18394
3899
16391
14024
7497
5865
14930
6187
31638
6884
24315
28837
5642
31268
26281
21903
11944
10348
2211
10601
17670
29136
16448
7034
10076
6005
1695
19127
6619
10648
21655
4070
2112
17105
241
13059
30120
2201
20181
4067
7846
5387
16515
28183
403
11751
580
4115
16677
27868
415
15760
5443
15623
1231
19758
15896
20919
22133
29022
11623
31347
22923
19583
23070
30782
6553
4167
29229
14361
11051
11365
24216
5834
28802
20580
19915
4572
5770
17619
14383
2535
24076
24483
4858
31249
1317
6096
9547
18645
25847
31812
13174
5635
6046
4600
29852
10760
14949
23900
1664
27248
8250
6905
21397
30633
2144
27476
8028
22538
11620
30230
11500
21523
16466
18539
13266
26615
9256
29352
5916
28247
32139
10544
4785
26705
27321
27800
21220
1721
30655
32009
10824
22694
8940
7398
22981
17201
1413
26287
7915
9849
29882
14886
31879
21483
11993
1200
29044
14784
26818
26877
4532
26566
20379
2539
13759
20836
21189
31912
13339
28888
18958
9751
22829
12228
19496
1910
4431
14569
18778
15933
31011
5938
15989
15177
18470
17908
5130
30009
18824
5748
32218
6681
22331
3754
28302
1086
2890
9540
29608
30320
7020
32494
3514
25423
4825
4305
22741
17391
24156
19545
6469
16838
24233
14396
123
14280
29938
6840
15947
20176
15797
6428
12888
14658
28120
28809
20940
20974
1527
11258
5452
8760
20477
31618
811
4982
23281
4309
10717
20378
26899
9482
7855
5393
1064
2975
21686
491
11282
30398
24581
6715
21411
20670
31011
3521
8115
20205
21693
198
7280
8589
9111
23624
23798
25884
20168
26967
14624
14553
17447
15295
7581
7811
26369
12263
8774
1892
30989
32761
23214
12942
4001
13379
5371
16485
26917
29406
31477
8029
14025
29325
18781
13829
11891
5351
4480
28229
30971
27577
14604
1507
20635
11686
11297
18508
25505
24080
30123
5522
20327
11324
12784
23217
18309
19888
3941
24342
15685
22496
20934
2914
7000
23818
2917
3435
27079
20575
195
32131
28204
30051
27229
26878
7201
24214
2248
26094
27129
16212
16128
5169
23982
5370
9982
12206
26139
27466
21640
6107
21611
16401
14925
28803
2514
18950
25905
16326
11643
9974
486
11617
32449
13598
24764
18223
6049
7129
27578
28400
13167
18299
17133
21834
19913
23676
29440
9741
11722
26073
31245
18875
12671
17079
3763
24648
28063
5961
23913
22814
30070
17653
12305
19556
24355
11698
13265
31104
22531
18101
20766
3802
23917
15948
18969
7907
28064
14602
4895
26199
17657
27172
6555
18367
31594
2843
27935
8249
5671
30363
32436
22907
24994
27300
27246
23830
10170
13799
32579
19704
5679
21619
31004
9525
26970
16272
8493
11015
12059
29931
18562
19731
13842
30964
20699
22765
32018
22661
14266
10719
14034
28100
22458
13542
13798
27722
21538
5630
21742
30853
25274
671
12046
20058
26590
17800
15518
15119
6352
10171
10274
28265
6227
27337
28540
26385
16757
14415
9568
32316
5292
10945
26377
22155
31524
21350
23082
12848
21592
24996
18216
29779
480
20350
9094
20916
25993
14171
8353
29841
1451
14089
4765
6090
19383
1025
17311
23875
4368
5357
1852
25482
28188
1127
8754
24250
32666
4356
23126
14495
5686
24209
17102
31770
1114
23708
6272
4039
32328
30263
17098
990
16486
28408
19572
30551
28632
4420
26851
22610
26964
4557
22927
949
29234
19546
18359
2071
32707
15815
26195
4061
2276
24396
28746
13986
5587
18178
22245
19933
577
12706
13443
21693
9640
22928
22415
10072
21982
16153
31152
10501
30699
17913
30527
28166
4888
19489
6910
10347
6728
7607
20999
23602
24459
27229
23554
7859
26097
8118
19355
25916
1436
19750
27444
9976
5657
29914
22998
22037
4849
28169
29806
29733
28282
15481
24374
17861
1779
324
17265
27005
29136
26844
5467
21992
4435
14925
30304
789
10332
27586
1932
17196
24706
24651
16451
3669
30306
13021
7474
17877
55
12955
15237
12922
684
29779
13402
16954
18414
7500
19574
18711
11524
19263
19511
18758
22883
15779
5066
1679
5309
9261
16286
26871
12059
13976
28953
29341
12075
31138
3977
19682
15067
21847
5469
12492
28198
24721
15765
11949
5166
1472
9591
6399
30348
25831
13956
5779
14052
5863
27818
8171
26300
13824
19643
27620
20878
20373
7966
3991
11547
9007
17093
21890
9219
21189
11358
4067
28307
26683
26062
27237
28126
21544
8667
32510
32015
18908
14376
12824
27901
7330
7527
6639
24064
578
11210
30010
27652
24266
20410
29965
24795
32142
27852
24062
24792
23406
3825
17543
17817
26199
15341
26795
6948
22029
30986
29916
29494
551
22797
9245
727
22875
9833
4964
15922
24059
32179
16962
26276
19392
27734
1733
16147
19143
26504
30878
23169
21465
12156
6015
14560
10735
29401
12487
9768
3317
18028
18529
4008
2511
17689
2281
17305
2970
27672
32529
20217
4660
1886
9284
28055
12798
16984
31881
16490
16608
12511
19369
15910
21646
25705
9620
4625
30218
24956
24065
23827
11883
2409
6997
3341
20700
19510
4294
15980
9703
14044
9152
23550
23540
12723
135
28932
24844
810
25119
24968
2531
27323
4457
31985
10774
26654
24462
7892
433
701
8096
21005
9204
9577
25471
10767
15191
25163
32762
18040
20171
13085
7223
13545
27715
2458
20565
9492
23667
17458
5967
8982
17367
23299
6180
19464
21752
22789
2613
12496
30699
30084
14574
23357
2842
25044
27304
10580
8519
8000
11982
29412
24781
28995
22335
11617
26665
16379
8436
494
23482
32474
20451
2492
197
27551
16931
9363
2492
14724
15952
7598
30656
31929
305
4812
13668
27154
20120
20868
20148
16125
2442
7897
27254
26038
6048
7438
26799
10686
5037
17340
19049
4233
5025
7713
18100
10870
1454
17339
12523
28677
26793
16149
5176
32581
25522
22242
10330
19851
279
27976
934
8553
4214
27006
11852
26846
29730
24473
31452
16331
24008
27299
18441
15014
15955
27886
4012
18802
27916
10919
26380
18159
18950
29358
21596
2062
24505
18853
7557
32679
18413
19272
29734
19054
22490
13820
8921
14116
22413
21674
8121
7946
18573
15053
10273
8859
32703
1738
18870
7802
5767
7809
31911
27818
30512
6689
13107
17917
2190
20800
620
22479
15585
15915
18491
25075
2045
11130
29349
28910
168
24552
19532
2147
12612
15458
29241
20943
23470
94
22232
9079
13413
10350
30276
29598
22767
6933
8133
3066
1400
6105
30872
4457
19901
7321
7150
13281
23848
13601
31798
6821
572
26876
27039
24767
2356
15241
25049
13738
10727
29266
3356
30287
3311
5528
3180
21043
11274
24371
32027
20718
4544
2969
21903
19423
15431
16700
32582
12318
10147
537
21014
7346
17169
23437
21690
12548
21926
18539
26250
8084
5684
31053
13962
22763
31341
30503
11174
25297
331
21538
8764
12223
31919
24231
8923
2711
7752
2745
30283
27283
19382
1417
15053
17275
32239
10052
24227
9756
12258
14128
9171
17653
8283
13815
4393
12595
27431
8771
29819
25568
15736
27530
23088
26455
10635
1836
7683
13563
23943
23483
30981
6952
16809
30361
12513
16234
16798
16329
19556
4333
17712
8191
28989
16181
7205
19705
20225
2319
24932
12306
15218
30664
6490
6933
25600
23196
3996
16207
14480
5745
14286
6888
29565
7622
5571
20595
25308
9446
28901
7363
22277
26209
22232
24320
23119
3004
12634
26363
5658
3688
29550
32191
2323
9457
8633
23657
29363
4216
14892
1337
6153
24163
16099
13032
17850
29267
26701
21052
13126
27734
17038
14811
11148
16223
14881
5213
7825
3059
23490
12452
125
4900
19339
11376
6630
21955
14173
11566
11601
13266
18561
6929
5622
8248
22671
4708
17348
15544
28047
32543
14501
29220
16735
5816
27395
22734
22613
9275
12683
1344
27428
23197
7217
3373
10244
8526
24180
22695
3853
3853
12003
5009
28132
1792
16352
21336
16026
11268
13732
17630
28113
7746
15747
30391
19489
14083
10865
5016
11962
14021
15046
8460
842
6541
27454
5737
23329
1408
31556
24579
12691
1965
1648
8863
29085
4910
22350
21291
32460
30319
22369
30380
17755
15053
16487
7799
5531
8803
29407
29860
20120
14368
5577
27840
7162
9757
25517
27842
19241
17966
18654
576
31669
8376
14080
30691
12020
19906
20936
24345
31469
27726
22787
25097
25716
9193
29658
29132
9367
25729
16724
9434
23865
22647
21020
22978
253
15605
28549
29215
29286
5250
21451
14791
7740
26579
14236
20037
5425
2276
22742
6794
26820
3144
24211
15071
20326
27838
15971
23838
21467
3332
1752
28962
5092
3056
13128
15740
21019
7868
27854
11367
24350
26018
23698
25855
7663
28328
29514
1197
10139
23230
18945
3302
21018
22790
23
22805
7799
27763
14986
12501
21041
12181
10355
19044
16352
2739
12500
20820
795
4123
11664
17796
13210
29366
22459
17999
21400
19167
18708
7683
32123
7541
14032
8597
5303
22831
18842
14483
32240
15920
14039
8537
8799
25564
32558
17800
17014
20713
30280
12980
23495
22969
30676
2909
9762
14567
28111
1057
27645
5664
3074
16687
16921
28468
25804
10239
25187
5996
15137
31041
11801
16671
13779
18195
6957
17792
22544
7030
4334
7866
25389
25347
30693
18495
1441
28634
253
31068
31573
10460
26600
28178
795
14618
13501
12833
19835
21388
16614
8805
18614
24327
825
6245
28165
7785
26469
29738
29730
10519
13456
30797
2825
18345
18238
11348
1280
2275
8821
14655
4309
8935
7199
29789
26983
29866
10415
3172
7783
15269
2567
3265
23136
20941
26009
11053
18933
1988
1485
4993
2155
28497
19107
9675
13671
10766
3482
23201
6136
4192
31952
16821
29399
17580
12650
20138
28142
1736
1334
26662
14616
23472
27535
27945
19496
23931
20866
9373
26668
18317
18735
19246
15859
4877
1137
13147
24012
14234
25281
11213
21649
25657
5719
8168
6628
17554
9363
9889
13241
9821
17820
29583
13077
4887
26439
24132
28180
12793
22330
29661
6961
1578
22609
18136
12738
23860
10048
28966
13250
437
12922
31873
17619
1623
2386
9472
12931
15617
18016
10729
20943
11855
31015
8390
21990
9536
21236
32443
1071
9007
6921
19478
27020
20485
11771
13864
29921
15020
3161
29524
6864
32199
15502
11621
26311
7328
1033
26148
7485
11361
15259
2603
21304
7560
17184
9716
7955
14741
22625
28981
18046
10501
21817
9328
3526
5508
6391
19653
3159
15455
8452
4620
10879
1336
5318
8992
11380
28925
18627
15485
28313
29979
32010
32014
14077
5870
23247
32064
16420
23420
30037
23643
24843
24420
21009
14354
30310
11025
15372
16985
28972
5939
26249
26998
11861
21872
8936
18011
31715
29014
11722
17715
28447
23957
22390
15419
28709
24939
2939
25811
7842
31327
31639
27349
29661
1586
29144
1573
17908
18707
3585
21129
4200
9234
29231
22971
9692
4055
8892
957
12058
12180
7524
24941
6999
4152
27558
1369
26040
26598
13421
24276
21525
27045
4336
19274
4860
345
10455
20944
21241
3058
22943
15615
19220
24547
27967
1795
17564
14805
9228
19439
5155
24989
5594
13907
9162
7020
11876
6673
29375
14662
18670
12652
11779
24758
12072
12386
18033
22719
32598
8764
10236
29717
15790
17763
30264
27534
5377
22901
29212
15571
2718
5016
27910
24923
10612
11535
27903
29082
26742
16395
26176
2165
20548
26307
11766
31482
9223
20678
2627
14414
4508
17040
901
26086
11510
13148
23258
3066
15037
32058
18916
26167
3643
21345
28617
11445
32377
29382
3966
26920
13989
16622
838
11354
26039
19712
2421
14297
4437
26398
20090
28652
4083
16885
22556
10700
28222
21139
13828
10769
17339
25209
7036
26475
15019
2034
18038
26002
20275
30883
22480
15488
2489
27234
214
8157
14481
30284
10761
31419
27865
12817
30495
29571
16033
29587
19530
27695
7248
29360
14525
21178
10562
15707
27245
21973
28598
12786
3860
20956
27112
29643
18044
2568
9850
3601
2554
486
3096
14542
11576
2824
92
29768
23608
23290
30191
28305
14998
15735
9714
26458
2062
14045
30876
1544
28221
10975
24868
22026
23468
23418
12513
23913
4106
21546
9648
416
15801
5469
14230
11951
25741
5160
27046
29803
18896
25145
8741
3608
12681
4621
19949
2105
15613
11107
21263
30887
4727
17392
5820
31969
12869
4180
6758
29347
7427
333
29730
7866
12060
16682
9809
13846
21901
9603
6783
32033
32748
26920
17291
29007
29609
16983
11016
12534
25749
10546
28132
5473
30368
25199
27719
13088
3303
8786
12478
13473
2542
23512
21145
17157
25897
4150
22418
28972
14786
12929
22703
23826
12950
29615
28265
31583
30593
2750
10253
16697
32731
19763
4707
8285
28226
11206
4494
2414
22938
26460
4659
26764
10067
4661
21981
20521
23274
12647
24224
17944
32435
4747
15869
26343
2517
10678
19206
21359
26518
2987
962
7337
985
22606
7635
8644
228
10588
2646
5236
31335
22874
28939
6028
31162
14027
26294
11215
32615
30630
25285
24323
17896
263
14386
29000
8626
22309
5547
25768
8818
18820
20721
10991
22934
12140
382
26045
27151
18585
11882
27865
17749
5684
5007
3784
14764
16386
16876
16287
13735
23004
8007
10773
25834
7519
2326
22236
2611
27620
7840
24114
15004
11442
30304
22451
24090
23411
17066
31857
6474
23269
10641
12102
1133
24530
21511
24425
21424
2114
30790
31040
21682
29423
25455
22901
25920
27385
18033
30284
18275
31707
18989
13108
30364
414
11992
4764
25198
2381
31392
14855
12829
5544
31634
31843
30134
7196
8379
24214
26703
19955
28301
19035
10128
457
4741
25420
1138
20799
23051
12863
20807
16115
4250
6870
20731
30895
2336
20306
11161
2528
22184
13992
3088
4682
30774
30935
19256
21755
31730
9592
19472
13181
23945
10391
27978
26960
9169
449
13321
7063
428
29022
5097
4370
32302
4162
30784
9804
26626
1406
29347
21014
6153
20092
12972
20019
18245
19787
11003
14421
31734
4407
1915
16201
20994
3485
22758
12398
8858
13053
6540
31083
20251
7761
28496
29217
13106
21149
20211
735
580
12488
25749
31445
5133
8618
25976
10956
25735
9830
12040
6164
19213
17146
22296
23485
11456
30484
4463
522
11818
14632
3715
32290
10273
10175
14212
1545
25582
25874
27548
27343
25263
20695
8822
16647
13306
5211
6141
28027
8131
13521
25958
27166
10112
8169
11120
22338
8842
26277
12778
11531
31175
6761
8310
8484
18054
81
13454
5296
22698
3782
6340
7812
26635
26964
16718
1427
29977
20150
29121
16297
7363
11571
20509
18525
25495
20782
10506
25665
15402
25080
18785
9307
19642
8424
4334
15833
14354
7854
8821
2560
28078
23268
21746
16998
17696
486
18981
19809
26802
15588
20046
11967
21325
18485
25910
28855
26009
17390
10350
6432
22118
29364
23259
32481
587
23246
21875
5033
24204
32126
12609
30176
4929
6290
21167
24285
181
9782
14852
16729
13325
3852
15660
11299
3882
17023
3768
17686
10192
10580
13861
28745
8711
9857
23905
30597
2497
6723
6027
17916
28606
7019
1274
3127
19885
23288
30850
24657
30100
26091
498
11875
4209
14679
481
3391
28706
23736
10923
19297
14466
30341
4790
18466
9173
3849
15354
27951
26214
30062
13504
23610
30062
31515
13737
9455
13624
31040
24819
5930
21123
21678
1784
1383
19240
29677
5111
2938
27132
23432
2839
11648
14840
25772
12969
25365
13463
16881
21934
25287
12160
18040
16025
16843
19813
9014
20310
15343
30251
3727
23178
14288
6731
2599
8733
23373
17784
15093
7926
17467
17538
1945
30213
14682
25210
28911
16007
26504
279
22756
32133
32565
4184
11144
31390
17943
10603
7781
20999
28959
20686
31248
26576
23211
9140
8701
8297
26877
29866
20119
612
14572
7034
11664
9596
24793
31823
23670
4823
24549
2587
29064
31368
3425
18486
1735
25176
7303
3912
31568
12742
2151
6504
24296
16204
31779
6533
15321
17124
2911
25093
13053
20939
20212
24237
7704
18309
14820
26049
11370
16417
14995
9324
11653
1982
31796
10849
32349
9038
23681
22723
19614
22170
27055
14403
9282
19335
31905
31368
31586
16023
17244
10963
12364
21682
20411
20963
11735
32295
32355
4374
10739
2798
18938
30930
12932
21552
24212
7715
31857
7944
366
13221
10487
7308
8415
10661
30020
11015
8331
6531
2113
15497
13786
90
21167
1698
26793
3299
13685
24426
3135
1175
25144
27588
17538
1044
10797
740
27498
7874
12075
27407
27319
8630
11013
21410
24031
32215
16662
12374
4171
7487
3613
22978
11202
10212
27212
5922
11046
31607
4507
30038
25950
23180
9826
3886
17555
5884
16935
10980
32159
15239
2228
20714
23490
30910
29037
16358
29847
22817
15073
25084
22599
132
15519
10059
4605
31415
2891
27066
3226
23909
8945
15860
12201
16701
2968
21937
18581
22096
11291
22328
5145
6074
16180
20001
31737
25221
7898
6496
23792
29642
22989
31359
26857
4633
18287
10795
31090
26139
3541
5618
26221
18038
19998
11083
13576
31473
27395
21463
13040
15065
7600
1766
20930
27299
19666
5181
22211
23762
23026
3095
13008
6684
22785
26729
5784
29896
26164
23402
5896
27482
3602
26451
30215
7794
31691
9059
25444
24050
25035
21031
18956
4447
20623
11512
32129
32650
28599
2245
23431
14703
19805
14355
13857
11357
14246
20033
6587
8023
21654
10257
17321
8123
27689
23908
23760
8481
6303
69
19619
21638
20759
19753
14418
31402
607
12405
573
13750
10763
17729
23983
7714
10180
12636
19145
7894
14563
656
3772
23695
21055
28967
31804
11397
19522
11181
8241
24139
5443
4088
9903
23798
24079
30054
3112
27521
29897
27750
28384
112
16885
5946
5282
1204
7119
32763
30898
31183
25569
4061
30210
19256
8916
2996
25000
20225
5767
14775
10640
14775
26206
5252
19310
2442
29149
12133
14327
11437
28021
12242
30289
26368
16797
55
7112
15085
24613
8183
27586
22927
967
13488
13301
24090
3584
16577
14551
22647
30494
8969
18006
27438
1177
17394
14538
137
14758
5038
4648
23287
13834
15809
28536
1198
30508
13760
29321
25236
12143
344
29667
28256
10174
25489
4349
23548
24425
19796
27312
11822
24111
14124
10220
32376
27804
18505
4266
31805
9877
28362
21793
26404
7217
19772
21821
2242
29898
8541
31821
29043
18516
2086
1276
31880
8942
17161
14722
24488
26295
25208
1051
18800
32739
31142
25528
21341
7950
16273
6389
19180
28111
16704
8012
5631
29073
2377
18056
13955
4254
24727
124
12624
28029
3178
14068
23632
3198
11679
15852
22500
30611
9522
13824
14211
21601
8705
29476
7589
8343
15315
15253
20191
2175
16280
29456
79
3027
4339
1601
25914
25809
17653
10878
16372
26001
23084
17845
31232
16279
12764
4771
1913
27045
11916
21831
6576
6098
7108
13207
25879
31200
17174
1649
32350
13259
21083
14036
4827
17566
30527
31568
47
20362
21504
2491
3879
31545
12658
4390
21984
23392
4679
4111
1327
6292
2957
23257
9535
19038
1656
26233
1404
14225
20322
11121
25520
28891
5648
13570
3692
31131
17207
12445
1706
29426
18238
4508
25776
32029
17990
7471
1080
17154
17768
29337
15309
25608
15677
25500
9080
12332
13732
12593
11932
27218
20159
125
7455
1240
23359
7169
1994
3185
28642
21777
3059
13617
3129
6535
23129
15844
16559
4536
11599
7588
30151
23207
27165
12203
14501
12409
29091
20837
12496
7465
25663
9929
9014
32637
23793
30954
9841
32313
26557
25289
27720
15250
14161
16494
17529
23781
24040
5175
15542
15017
3438
22127
493
19619
8933
25378
26316
9816
263
31280
13189
6088
32301
1441
8910
18009
26991
6712
12332
21010
27405
26187
7026
23305
17422
722
17796
31519
12582
23229
19041
2026
29917
7307
31841
12531
19694
27160
9403
20002
22253
15030
11593
29302
10285
9088
6032
5881
7393
31211
25851
29172
8833
1182
21607
20063
368
11908
6372
30619
27099
28703
28090
3428
18404
25375
11179
21505
8960
13363
17272
21693
3229
26399
16807
25243
25097
8463
16258
22342
25999
27946
25955
7239
29411
12139
25135
21626
21184
14764
31777
14787
29135
14084
7881
765
32459
24915
2644
26163
13283
13595
2061
2835
20319
6034
18468
415
32647
8949
19630
4390
17856
3358
1518
29555
5369
23641
979
20548
12101
24180
24769
3326
1737
5653
18837
17566
9689
4688
18147
31731
25182
25721
11137
26123
24699
10295
19530
19691
10352
20954
25884
29314
21438
14063
20259
32224
5516
1297
27738
18596
8777
6914
27726
8371
14995
30714
20006
21040
23895
13630
17376
3496
25914
15861
23261
32396
5432
14647
3488
9701
22667
23144
8915
19779
14799
3012
32138
9718
21859
10042
17100
26753
19218
12670
30800
2124
29427
19290
132
20377
22925
19781
6099
30649
18239
16694
14120
4480
22240
11962
32686
20982
24482
27973
5083
5967
13884
28869
428
14878
2376
17533
8754
32453
23785
10257
4685
15152
27058
733
10424
1219
25283
8587
3397
31376
26421
29157
21866
32718
8889
12519
18941
31366
24955
16153
14908
27280
6989
3868
16
27838
14849
25218
6547
32343
7958
18659
31695
5319
11416
5420
713
23956
21825
15675
8894
14996
30692
22441
16044
20062
2572
11239
18452
11518
21984
2189
3070
1261
20297
21486
20799
21568
17495
2800
11255
32287
27873
8731
10845
21625
7532
31983
16063
27126
8526
28539
2756
16429
20
32299
28661
9752
12832
20450
2427
23236
2199
1608
29482
18509
19578
28774
447
27402
22802
19312
20582
14597
13714
1505
18304
7598
29176
14541
162
24016
19252
19315
11233
30659
23180
29971
23117
21476
21567
4351
20923
22850
6504
30963
19912
15002
8486
22953
21018
3974
31994
13737
29161
3569
31856
2655
12478
30670
13314
19311
24699
4361
27449
10317
8348
12734
13845
20488
25276
18602
15791
10086
6235
25055
31773
9526
28126
1467
28566
18658
14039
1050
2262
24388
28551
32715
22724
2490
30626
20033
16723
15229
27217
32651
11686
8494
14205
8839
5495
9906
25163
6482
20409
3904
2275
4610
30844
21432
6518
30616
28178
15159
22655
28464
10608
25064
7241
13691
30166
8733
25009
28783
19379
5022
7725
18749
21187
5440
29453
25220
20346
5306
9729
32452
32677
2229
732
27413
10831
20770
2711
537
26337
29136
5017
23343
24462
23358
16181
31209
4846
13742
26741
4545
22761
25210
28694
12807
11991
10155
2515
28190
3813
14792
28391
21992
22203
6124
6605
21119
348
28187
28490
15142
14413
29142
30893
13951
32761
27885
4950
15358
852
27285
14709
18845
17087
15034
18452
8657
10796
16279
26200
9661
21122
14723
29187
8102
29251
1294
5438
4520
16748
32588
27030
23719
21660
1137
19524
21384
13177
15518
18353
3744
11855
11003
13881
4972
14075
13062
559
9347
16648
2091
10018
19914
27927
15252
22623
231
900
23618
28855
22008
582
23901
3971
17540
16919
14024
1765
26801
30422
29689
32592
10424
3881
9480
29770
20119
14182
26117
28272
27142
948
28815
7867
3755
1389
27554
16131
17041
20423
28081
23489
12503
12212
25845
27417
29861
6918
23044
21784
4196
6871
16549
20794
25903
13608
19171
15663
16004
6600
29280
20702
17984
5752
11244
21419
29898
5708
31062
14069
20878
12372
19842
14819
6061
2428
30396
31329
4850
3505
844
5989
18697
17477
21579
18551
17131
17301
21173
3696
2717
2025
31423
24962
12570
12699
12650
120
28814
28284
6232
17727
16068
4723
21470
8870
25570
9063
30556
12130
26964
23647
3017
25173
29958
27624
25746
25616
25814
29112
13989
6550
15945
32656
9672
19554
18044
8551
15408
5036
22110
12484
79
25321
16157
30572
7405
24977
21214
25917
20346
28708
26033
23898
4259
32367
23236
24200
11043
5900
4567
2776
13532
17448
18671
21127
7718
12680
17999
17954
19303
12238
24228
21485
27876
31993
11136
29830
2262
30252
1545
2758
27585
5808
6643
31464
29441
26683
9387
15597
26021
18547
13525
28222
20353
10158
32249
9876
4735
9468
5241
5141
8758
11111
9671
8896
7614
29817
212
13066
15298
5119
716
9161
15574
28941
15360
13138
22539
20546
24868
31710
21953
21325
23738
3891
19645
4528
5326
30080
13692
11972
14564
5000
18374
4350
11311
15362
22150
7792
24579
28736
7640
8851
12941
5136
14180
16707
9666
6368
10475
6923
661
25637
16671
1699
15469
29949
14008
951
10454
3346
15812
19178
24438
24770
1854
7963
22084
4734
24291
17383
3572
32112
23361
15727
25269
4961
21521
15707
21791
20953
4806
24863
24423
4744
29030
9596
10966
15076
23449
13130
14713
3860
26112
26998
22553
11277
28615
18503
27757
27899
638
8677
29583
16354
25636
13339
17581
11653
3973
3932
27649
6279
1735
28420
12803
30672
13375
26337
8925
4146
19849
2546
10783
29004
27863
28270
5812
14767
21641
13064
6933
26176
4350
26994
7612
12510
27818
2592
28124
16964
27241
21838
12367
15152
14867
17732
6351
22725
23377
30169
17258
14381
25263
9526
16944
32132
5362
12764
13103
25073
19627
14825
29345
27926
24076
16278
15715
23979
27899
30469
22441
1381
26981
8506
3057
7197
9685
6247
5685
20014
15429
29036
20325
2591
13620
22174
11540
20866
9464
32711
26994
4379
13142
27503
26490
17477
16720
15706
10092
26514
8510
26194
24446
32434
5408
31015
3278
12694
1843
20723
4252
17620
12482
27810
11702
29006
9023
9138
31283
24335
26514
6200
6500
18293
10161
2596
21000
661
5745
28613
21695
987
2460
30608
18114
2545
31299
22301
25808
1506
24405
2930
21100
32128
5745
28292
26949
27907
20217
17915
7414
27634
11112
12086
18159
6471
3301
3215
28339
4814
15640
22496
25157
31694
27196
32326
13020
22251
10613
10532
27102
14155
29540
6251
2572
3320
20217
29209
12538
4229
7817
11008
27843
4597
17185
27849
6650
11992
2585
7480
24036
13239
6380
27314
4324
11442
19271
508
11574
26984
14175
20805
5600
30743
19592
31847
18918
23556
16388
26218
22462
798
15384
29769
9475
16094
1381
27897
24174
17521
2678
6824
9217
30745
4502
4419
17797
2001
30948
15930
9015
6448
15529
9607
1727
3727
14312
28653
2145
10094
21303
11901
21623
20
5582
30559
25887
13430
19678
16335
1073
10842
15652
5990
10612
18108
4797
10395
2321
4721
828
8841
26183
4618
22010
28659
32353
21755
18093
24453
8165
32765
30268
8540
16911
22192
24018
15817
12413
2181
30770
26962
7980
17627
5450
23034
15011
23144
3082
451
2158
26075
15990
21104
11214
21439
9210
28303
25263
14755
19966
27575
20186
19064
6843
2575
24428
27194
2637
1295
28295
9427
27145
24971
26439
3132
18960
23789
2040
16869
28964
25026
5254
12119
17083
9592
3380
12824
19282
21349
15761
16078
26372
26892
14249
16296
13915
10140
3960
12794
21862
16058
27300
18215
2316
5248
14443
3268
22175
20166
9689
24570
14773
416
8767
12332
27699
10023
2018
21722
29866
17533
15600
31430
28391
24587
24760
27733
17093
11533
22809
14647
15686
4177
21563
330
16354
25147
4734
26300
31263
4621
3248
27505
24930
3685
19075
15780
23301
5896
32062
14288
19625
23517
12978
6097
1742
3389
13424
12614
15777
16746
26425
7995
1044
21340
16054
14597
32052
7876
6505
20076
14264
15691
6372
28432
26581
10522
19001
16645
29530
26784
12977
10945
1016
10127
5313
21560
5089
24872
313
17221
10390
32697
2239
5964
12281
5476
8572
10270
13226
4641
5397
3100
22160
6918
2781
18848
20662
26311
585
14232
23897
17273
20900
20852
20287
10651
32003
579
16202
86
31100
11032
2380
30468
12435
26803
2845
6128
22517
23645
23019
30812
29033
31764
25042
10697
1795
11752
9132
20594
30618
12965
1323
794
26493
9138
26405
22535
10594
2105
30254
17231
13215
17800
26988
10834
30109
28344
9127
20616
8585
14220
27296
381
15948
3739
10404
7193
5566
8882
27744
25381
21270
22388
6903
14091
26022
27971
2130
7389
31685
24676
27064
13977
10764
17245
22174
4268
4805
6306
19392
26804
8608
28529
25712
20874
12200
18427
15918
22656
9078
708
14970
4071
24996
24396
4838
8917
8581
19951
29551
22053
31251
6410
3853
6846
15145
10591
25225
5401
26355
27067
6543
15869
24482
3542
18948
141
7524
16506
31129
31109
147
31975
8609
15297
5164
6007
9504
15871
21636
14718
27940
21989
20022
21620
8024
25670
10592
20566
8918
5793
29967
31049
26429
25066
18167
28801
8707
6797
872
9313
30221
19889
24957
5091
14717
16313
32663
24891
19916
13329
7177
30647
15896
25127
17941
18666
6079
15287
6936
25865
12588
26700
25601
29333
21233
6660
9991
18746
30486
8083
412
13304
4785
22410
24220
7808
7607
26842
23755
12769
19730
25747
31102
9315
13044
13554
21400
16563
14698
32155
6840
26689
11060
20771
32433
5351
16084
24529
13115
7627
22501
934
23528
17286
29358
19866
29785
18310
28151
30761
2225
4784
10011
25358
21066
12106
7263
31823
3239
6681
2434
14969
5802
11974
12950
3117
13319
13191
20750
24795
761
18427
22295
11982
31284
15189
32044
6761
794
3516
19940
8880
1073
8434
9231
30474
28629
23604
20226
23108
11050
18274
20783
14042
24917
24928
27897
18546
5868
13756
29638
32426
4522
30097
2901
32019
26728
6059
23890
23677
20296
17387
25895
4470
29748
3565
20502
7181
32647
17129
9092
25820
3337
20183
7576
27461
12577
31959
1029
10491
24134
5839
21796
20164
16055
10326
3910
15998
22124
26833
584
26208
332
4315
24424
24963
8608
7915
31574
417
4808
20272
30351
9756
13356
19136
16358
1090
8310
20978
9571
17615
25855
26120
26449
6835
19846
13842
403
14102
6184
21263
7991
16026
9612
28500
27726
9184
31071
11570
14842
2893
7936
16595
10440
7182
18044
26981
19776
25177
11708
1402
699
9974
10749
18095
24693
24575
25985
18572
1251
7908
9604
3756
11079
8113
11378
11806
16257
23956
3159
9738
25640
20634
32151
11160
7897
14521
3551
27917
7887
6675
15195
4152
20916
20089
20522
28684
15031
20526
4623
23950
16351
8686
6761
26610
24991
30767
27237
28672
4266
1959
3954
2749
5640
7438
27637
30536
16746
25125
30782
11266
20923
29687
4027
16113
19447
11871
7788
11623
13376
20682
17047
18142
23855
24638
14013
16167
16744
27292
6092
11204
7025
3874
23446
28818
12228
28723
2946
24491
32034
29275
6018
4234
18219
27790
21829
12912
12076
11696
32685
24071
20280
31579
19075
10821
2938
28124
24170
2196
3529
19838
20753
11312
8061
21772
28077
208
21889
32145
24999
29832
17066
14178
8593
6382
9287
13406
6751
24444
15610
10101
724
30005
20934
7527
24890
395
32104
21198
6486
19585
19947
11103
5787
4109
24695
11885
26270
30912
28522
11438
22474
6568
1705
29506
28757
22390
21049
12273
20850
3804
15113
27317
23241
31289
17938
14456
8740
6776
27042
2846
4971
10037
19701
17094
19666
18978
9734
25677
2897
10666
10660
6420
15189
1748
16840
23556
437
29289
32294
30671
20711
23897
29442
14968
24180
2139
31301
533
3241
5844
2768
1748
7311
18682
6672
1596
15390
8505
15315
13237
17582
30934
29786
4683
15790
18386
28847
7087
30616
9233
6457
22654
21284
15291
12941
19910
2237
20195
135
25543
1073
27750
8090
10742
10412
30230
2148
7240
4327
12312
29061
19884
8093
24459
946
7129
29759
15466
5125
20555
6120
15028
22679
21128
30355
28362
19281
20392
30860
4376
12031
31508
20516
25847
27302
19598
20393
1746
12056
24434
23445
25992
6853
22331
19718
27410
20436
27976
22638
6246
12403
3041
19596
6299
13675
6773
15771
3917
4855
24357
28873
9795
8150
6535
7146
7759
12959
15011
19822
26486
26965
24130
4240
1105
3899
26985
8657
15539
5353
29216
18341
25485
20128
21623
9068
13326
27867
6347
3747
2574
25382
3910
22620
31148
12595
17573
30443
2614
16939
13374
483
6218
22082
23361
2113
9019
10894
4414
5862
2486
21273
18919
843
31142
31541
9240
20080
5972
15
27156
13333
8147
6535
26386
14893
2715
1343
13816
21648
28276
26610
28006
28912
11670
22792
19702
32526
11534
19559
20418
18733
7011
20107
18471
12487
2682
18137
26825
9088
24759
13360
24279
23640
25957
6082
24977
17700
27736
546
23303
3135
25808
30365
3619
17021
20385
6350
24041
5472
24721
22637
6654
31119
20226
3944
29799
22915
6609
17973
1172
7300
17021
4710
31645
6612
17292
17278
28107
19498
17962
20995
21850
22881
23316
17620
12925
17010
15028
189
27811
20384
20621
13897
22777
3314
5594
25047
2608
27366
32626
4592
19840
22372
751
26584
30957
25329
30479
1635
28361
17957
21339
25354
31354
23391
4870
11582
27261
24759
16151
16381
2987
5684
25547
20898
27067
3136
30004
22017
30985
13912
26407
18099
3477
5640
31829
17839
17231
4631
4280
19994
15250
19967
25393
26465
21486
5535
8815
3716
14890
12596
16658
18869
393
13702
21776
6689
7501
9311
1624
16398
25722
28993
20662
1318
732
15960
7415
274
31563
26030
30029
3147
7982
8862
22773
21805
7998
28555
29462
19278
6541
27602
14573
21773
18630
24060
13095
878
14518
9785
30350
14373
9227
13578
4072
29168
24412
23101
26396
13098
30058
30
23959
13982
22694
9964
11246
26265
19955
13450
17093
19011
29868
27767
13039
23854
4073
9216
24791
1328
29950
1716
1822
6766
17221
32537
19589
13754
18718
6045
28942
14623
14899
26575
22110
18105
6913
25039
26470
6602
1428
5123
9026
30219
11153
13068
20321
8512
14714
32761
5351
6927
32558
24250
3407
1810
431
12503
597
32043
23080
18530
25875
13336
1583
1834
16490
14919
3399
32305
10915
12523
8105
8544
31318
15695
4676
25466
17035
9322
23554
20047
23072
17589
30797
27442
29291
25145
21202
4012
287
30956
8324
25202
372
2365
18916
11413
20610
4846
19072
19193
10478
12834
10682
21512
457
4791
28875
17831
21685
11733
16904
20329
3914
1479
30051
3331
13240
21514
24116
17665
27821
23972
7738
32695
6265
25015
10716
2681
3952
22102
25013
15119
10639
26519
25936
1891
18275
27882
816
17789
25127
18601
27156
10161
26413
26096
32633
18711
25215
18606
32607
24124
15557
25596
18768
24087
4201
10926
32415
14143
23034
3624
21998
25947
1998
24436
18418
31449
11500
18065
31099
29411
23336
17421
1710
24462
26768
28886
5013
18517
9223
28749
17883
19655
15664
18588
3024
24444
25486
5449
21683
11597
24809
18444
7729
1220
13043
27614
31529
20946
26667
7763
30642
448
17410
13097
32351
25448
28220
13857
8898
22437
12698
16141
29998
26120
3510
19499
17345
2509
8238
5809
27810
19213
10500
5545
9608
30773
11845
8959
23676
5046
745
30425
5599
18942
13563
27942
27566
936
9978
18810
4613
26607
22654
27929
1250
25449
8734
13138
17196
1778
26770
26638
15092
21221
2837
3240
19194
17043
4365
24319
32115
11245
23278
22218
24585
18308
23132
3372
7460
29876
5520
17033
14952
3611
31228
30359
8319
25168
16946
18104
20504
9426
29442
1671
26671
27455
13282
18096
24975
2759
1684
15878
9110
27103
8706
18639
22073
6714
29805
29282
5447
20213
4294
15605
26866
786
2908
7088
10123
25639
2488
21254
9357
21847
2501
13124
20701
7810
9269
24938
12368
7097
19999
8763
18542
245
24045
23440
27766
1544
22389
16369
2722
3795
17254
22630
24235
9146
5606
24715
11664
20053
26745
10467
28308
11880
2853
29550
1413
23318
12500
32382
29252
25681
15097
12742
6530
2197
26742
8628
2760
29398
27582
23809
26554
5303
11318
14470
20636
28924
14050
3409
31253
27202
8765
7416
20531
27117
26984
4141
19120
29539
647
17299
22132
30584
13417
22224
30810
31784
28519
12772
3383
27788
11662
29881
19225
9479
7680
1274
26572
4033
8087
11817
2211
25942
20172
2028
24436
26063
10967
5800
6373
7633
5656
23121
32742
3092
13750
16257
31359
15127
29830
9927
17356
8978
11566
30273
1862
26669
16266
26989
16707
18671
5454
4924
2241
20729
23021
18024
9823
9204
27066
22536
7340
29896
15437
28770
1444
32014
20009
24064
27000
2249
19868
7942
29326
27216
3814
5314
8905
27279
2973
5509
28170
2415
29007
20657
24055
8851
874
14612
8955
19013
21593
26996
13965
30384
6640
14187
29366
18767
8458
26742
17101
3237
9328
15688
20870
14895
2813
18276
22571
7319
20736
15594
29480
25130
8418
16049
8141
13196
24329
17559
18256
8874
11515
9237
31505
1521
10183
25879
17954
5054
26017
22794
14343
21013
30412
10294
3258
11925
28093
18766
5619
21163
12925
5957
18853
2055
9551
31076
6604
16716
21651
20890
31078
6924
18922
9491
12991
26867
12955
13067
29426
9026
26421
28133
11949
18559
5750
2679
17460
1899
5996
6569
32425
17717
9946
24638
24202
21485
5085
24817
19323
27963
8143
19652
4934
17745
5484
19861
23072
18974
23347
24306
24622
25285
1295
10542
16455
17229
10551
4788
3068
10394
31827
31644
26837
4252
30944
22396
4830
17094
5589
6529
26722
15554
20615
9918
25335
22371
3530
17091
8634
14299
5721
10866
26844
24878
12920
20750
14942
31206
10455
29589
27672
6665
9402
30288
24320
13640
18263
16552
15273
30073
26751
2875
22538
6471
19073
21551
10881
11048
17740
28102
28184
9360
11475
23347
23558
20837
30390
28589
7801
1970
25374
25537
24722
1951
11496
21740
8113
6049
1287
25449
8692
12526
23843
25160
13818
20532
17798
19904
8173
16010
25145
31686
22463
26279
15210
15070
31923
2641
27921
21298
8736
27673
31188
7649
22898
16710
17703
9881
7537
15
30903
2920
710
24077
22793
3791
20922
4847
19806
4121
27970
13168
7899
24042
11065
14470
13030
5915
492
1756
17619
3525
11995
2691
25280
24732
15038
15077
12733
15999
32455
6906
15665
2125
3879
2494
21881
17657
11987
30434
16849
7137
12424
20417
18808
18779
26892
14487
22543
16785
5816
26093
16706
30096
25139
10840
26539
28315
23680
3171
19187
13253
7739
30922
16699
11711
27679
25833
24506
31982
1228
30067
22183
30144
31687
32103
17497
14145
17859
26944
17325
4073
23071
27245
14760
9400
3503
30464
9821
3718
2751
29098
32017
24980
2645
3559
18334
21350
12983
17526
6421
29397
16173
27660
5031
9824
21768
19017
1478
25795
10723
12523
25223
23499
24361
31554
6475
31080
14040
32740
4254
2820
1412
19105
18527
26387
1438
12985
26402
21739
28662
8525
14034
9942
32127
7188
21659
14950
13906
26703
6150
21257
12790
23039
30054
733
11487
9045
24436
5574
5940
14442
27702
12989
214
6960
16677
10091
1693
9129
2702
4598
9445
6230
569
23835
4937
10995
18761
17021
3502
11617
6499
18236
11908
4836
4370
26314
15944
4494
8042
24570
7245
30715
21228
22618
9405
2879
4010
18883
14298
285
28844
28206
18058
27258
22673
7625
2067
8720
30073
21323
15651
4967
15395
19076
9235
28161
7763
27960
620
6357
119
557
26539
31232
12937
21123
3393
26294
28727
14660
30686
20350
11330
20796
15855
31903
11044
13579
5990
28373
12533
1400
6841
14409
18063
10760
19245
25024
23025
32720
23636
12307
15841
27271
20180
24031
19670
31711
19051
7549
13076
9493
22832
30517
9241
9927
26652
22446
32568
13063
12488
25257
10116
30125
28792
24047
4847
30449
4185
18568
21683
3129
8967
29230
9969
19247
23378
9986
14232
13079
24642
17277
15497
96
8793
17576
4857
24184
5655
10384
28182
27621
30660
13044
22765
17554
31849
27202
3979
1638
5152
24770
29538
1051
8589
7696
7919
6734
19117
15567
23706
23250
18126
4252
1246
586
19935
26689
1961
27639
3306
16427
9478
30670
17375
31007
6393
5838
28819
26408
16042
29072
11016
19668
28358
23840
5871
5791
7459
4619
3691
27312
31139
22969
27160
24771
6234
9725
2636
30311
25843
18155
1437
4969
25935
13034
8355
12944
3952
5386
29439
650
13974
5527
23963
4903
21415
4334
13876
25285
11476
12431
19478
24588
8314
6772
10791
13275
5958
10913
14887
26497
24989
27389
11574
15153
1083
15712
19863
16560
14362
27629
7603
3665
8597
5026
26721
7715
717
7469
9828
11625
27980
14337
23861
12362
14056
2986
23300
11722
13802
4957
29689
6137
2160
22484
9407
29802
27408
31577
15939
26855
25278
19488
32441
99
15856
20697
15329
15408
12544
902
648
17779
4561
11914
20305
21204
30389
8195
17589
5754
15502
10074
585
18486
14388
4377
319
8190
5911
5372
6704
21662
13094
27210
6169
29354
24047
30309
31907
8119
26375
18848
22951
7626
25004
24146
25585
8977
28073
20009
9028
22993
1914
29120
25503
7328
9137
7795
19391
17108
6552
30322
15589
4411
8472
32532
24537
8973
26585
29038
815
24350
427
31013
11977
19800
14373
21888
4253
24681
32139
4289
9912
1977
1781
16822
19075
7583
20910
2955
326
1492
6107
20450
13802
4136
30813
18213
16387
29555
22008
29467
23566
29903
12724
8122
30966
3844
1155
26173
32478
11844
23589
26230
29466
21529
16201
10852
7550
14235
7413
26632
4828
13798
19239
5493
18632
9931
22717
807
5790
27078
13970
28821
18375
16176
31722
20233
9015
16822
18960
9904
3130
5130
4925
20973
8305
5848
18620
755
30487
15100
13388
18323
25993
17394
198
32594
27910
3726
13823
30655
13747
12269
11248
8964
15074
171
14612
7354
3219
26710
8210
28930
19003
32035
156
22993
15045
19424
20375
26251
9687
23594
6780
16852
21078
17632
6654
2467
20012
25816
22509
28055
25417
5072
27738
1935
24039
24487
5628
8821
2067
10701
12754
25434
32361
14584
22026
2248
16927
4888
5154
13395
11333
13198
9805
29298
9802
29080
3096
29837
19395
11024
23117
12631
22888
1879
16919
24414
3423
26252
4968
32225
23742
20737
16024
24545
8779
31471
6479
28026
10886
12392
27300
3956
16617
15758
646
30998
8814
9987
24667
17466
31058
18080
11496
5031
17944
8298
2929
12186
22994
961
1569
20646
17820
19675
6572
3262
25449
23153
9266
6801
23554
3000
15207
24342
20043
23187
11761
31079
31688
26119
13329
16594
7777
239
4998
26925
19298
6385
15022
16747
1990
2480
5871
16493
29109
12355
10837
21530
9035
21223
9340
9906
12955
12528
689
20063
29428
20230
31572
6926
23395
21389
14464
30332
13944
1893
9711
2708
32589
20180
22039
8696
4037
11968
17049
30430
1042
12834
27612
25629
30586
17335
7157
11399
32346
20473
20683
19578
363
17229
4472
2482
24132
14462
13042
13665
28960
27498
20458
21634
27618
17403
30708
8810
7766
3417
23017
8608
5050
11614
28041
12014
10621
28747
24677
19128
838
15545
18941
3213
56
17362
27429
29948
5493
448
31917
4521
12768
8806
20800
10144
3880
7758
20109
22504
5122
9187
421
29276
11189
8417
21156
27318
14044
9
7060
9197
31079
28441
9870
1473
10724
16635
22306
4243
1533
16445
762
25467
4161
1473
15801
26773
23335
10166
7209
7067
1359
21702
12950
7865
19212
12177
21109
4508
20768
32347
19274
24269
3270
769
13000
29501
27894
3890
30777
5153
10468
10459
18208
18175
22474
21219
32029
9
13799
19993
14098
2731
15047
26219
14724
24672
25798
8280
14404
25033
24016
23208
16718
9728
23914
14426
20209
21546
27638
26334
17712
15179
27442
5252
24169
7263
2051
11061
19252
23206
31089
9057
2446
1599
12530
824
14135
29944
24555
24093
25432
23909
30324
26711
9065
10287
32604
29450
28498
27567
32108
25702
2256
17851
11760
31
29211
1984
21620
5149
14278
26897
29644
23924
4582
13183
6231
14742
8310
7722
6020
30664
18170
19095
26772
24274
27491
6146
31394
15099
7219
16629
11233
2100
25057
30489
17958
3220
16255
29005
9382
30468
9882
8181
26368
22076
25186
31636
21886
31726
15882
8606
23191
8256
27250
13191
13753
22912
26372
11296
19270
15379
29148
7971
13789
13999
17195
5900
31962
32459
6109
1323
5152
8531
20345
30712
2326
2975
8521
2982
239
8358
11452
18683
27695
11887
26888
26206
4970
22473
14355
7986
24911
17980
8340
5474
3558
14399
29557
28989
3862
16299
24701
13189
29290
17520
15915
28098
1045
8071
2277
21724
26419
25128
23890
25065
849
7484
29188
30020
27440
15637
21594
12255
8390
19805
27812
30426
23174
14668
3465
21844
11745
23582
4774
12417
17165
30149
21112
508
30213
22491
26492
3167
2257
24282
5268
15890
19207
2959
18605
13920
23186
20684
1439
8400
25010
26974
11860
23218
30276
19006
45
5880
32324
1292
15265
29767
15760
11960
16424
14670
28910
7811
8023
11095
6737
6438
27468
13083
25176
15440
17484
17371
13080
15958
27051
14508
28699
22054
20972
7187
28584
24446
3626
3537
6469
3931
31927
15104
19835
19635
3842
7263
31449
358
9918
28395
1084
30579
20032
6831
23629
5735
20521
31708
31306
5404
29254
16924
3082
29599
22452
23076
2363
20850
20040
5512
3055
29684
2861
1236
4695
4381
6863
14296
3533
12910
2040
22595
25368
17448
32313
21108
16364
9405
27532
140
27057
18564
25911
3016
27013
17840
21492
30734
14724
23683
11086
3525
22343
20415
12366
5610
24490
8542
4951
7264
6099
1922
24911
11400
1904
11695
4095
15378
2111
5688
10685
14355
28372
12279
23624
26711
12439
29761
28403
7416
11020
8473
25606
23087
28759
25508
18785
30315
15615
1758
31842
24224
31474
31370
25865
29922
30153
18031
27738
15666
9294
15809
12803
19608
11067
1758
17727
11890
32069
19259
25850
13323
15449
9117
2870
25199
16422
5260
18349
29310
26075
12036
11704
5952
3378
10607
22895
32376
26285
1232
20498
16252
30495
4673
16296
11331
29807
27807
25061
14528
24473
14980
1617
27758
32757
19573
1959
4653
9148
27485
12411
6732
18888
27450
21280
25319
6299
22039
6345
23155
18083
17210
19438
12439
22461
11934
8690
2365
21495
25764
18434
26090
23450
22021
14144
14666
15464
26635
5153
22800
27682
5377
7443
16893
3149
28904
27748
25149
23350
26219
4447
24058
13876
16405
17592
556
4397
20930
15402
22958
1883
22099
24926
6295
26960
21926
28687
20935
27704
9926
16236
10944
24159
25182
15037
440
1267
22900
19786
14828
1802
25683
17784
8758
2534
7625
29494
10722
25208
24211
1431
22462
36
3350
27584
14192
29892
5456
15621
12556
15855
7437
27727
32486
13179
18526
19137
13733
16192
8775
7579
4761
16927
32184
19294
1103
19012
25278
25649
8546
32423
23547
2435
403
25561
14420
30962
11548
24061
5353
15979
5698
5140
17226
20883
20778
6271
24552
8806
32237
31422
11465
22814
6382
9854
1152
19799
9580
13267
31069
30832
26195
3266
29921
26420
6488
3074
27508
28346
26692
30979
30810
10377
1168
1328
30180
31232
8499
11890
26083
10998
16056
10997
15970
20381
32147
16942
28309
2476
27317
14109
12300
25789
31326
10191
30764
20979
9523
1576
7648
1761
23440
3551
1932
17319
17183
23498
30019
17502
29354
2652
15161
25015
8237
30572
123
9438
30000
5943
21981
21157
32083
30889
14644
12766
25387
24280
22726
4360
28492
5074
11007
20271
32167
22680
11878
27661
23831
5738
26063
25461
19766
13637
25809
22514
3701
15275
122
20651
14444
7074
30786
3721
19054
20735
11070
15516
10849
13540
11670
32699
1484
10888
21049
10603
18738
2358
31951
4611
8607
26521
20464
24077
15488
11318
2963
13038
14775
1850
12233
7882
1007
14710
14251
14242
813
19624
144
13759
23976
8444
12676
3412
15067
29650
14070
19295
15576
17346
9905
14800
9183
13789
8206
3821
20527
24630
31847
11253
5660
7586
25550
12035
6242
20155
6655
23606
7353
11307
6036
8719
3754
3623
17272
15642
9376
19769
24734
16081
23362
8259
1011
31677
15104
7105
9873
9438
7148
13902
10293
4173
23500
30314
22003
29984
14957
11642
18728
7822
20538
25616
12977
23124
21260
23405
26202
9814
7492
18500
15001
24970
11032
10945
4221
1042
554
26570
6113
8872
14175
1925
9189
16703
1774
15642
9119
14567
12983
7098
4877
13554
6871
7392
30798
2901
17529
23510
16658
29777
17134
10876
5200
25938
14081
25413
27703
4887
22660
7298
3174
24339
15919
8419
10335
13331
22443
20794
20025
5666
19945
21379
27030
27049
15800
13090
29397
13787
151
22123
7817
26192
30663
28007
8489
20464
3493
15829
23305
32019
24887
28784
136
1255
20485
17264
4747
29201
21034
18003
15147
31895
23722
733
25259
6909
15878
14174
4269
11950
10510
1587
28069
20382
25079
16015
30861
31534
16813
8828
17627
10832
874
19996
21680
4843
4232
9269
25426
6273
16020
25580
13276
12303
13219
19409
14388
15156
25833
28188
9278
7830
25479
6710
16719
6018
27557
32636
5605
5330
27073
27967
13717
5908
27206
21519
19780
23528
10081
27705
16282
22698
10512
9614
26036
18513
11132
17510
18457
20631
16264
20453
25584
603
22954
13693
20592
14659
17146
17844
22679
7845
8328
28200
23839
21416
1267
21712
4782
1702
16439
14468
28749
30677
25031
15040
25115
12583
8412
30373
5186
30062
7948
2368
27179
10948
14622
28431
30190
17450
23069
23233
1037
28271
1195
26942
3937
1108
1688
22247
12628
3565
2739
6687
25169
20298
31968
1802
7801
10839
29803
24724
17048
22529
6300
31414
13655
15514
13196
20981
12467
23423
26422
15403
16301
11768
14545
5769
17475
24927
26206
5341
6560
16517
14973
5649
9872
19537
21124
8692
29750
18346
2770
29758
7425
14999
1377
14542
10204
12453
32411
23861
9125
13962
25711
7032
5857
23303
25507
8722
6062
14099
24428
32057
8184
16693
1852
9570
29168
28722
32475
22279
8378
28904
19641
6056
4454
29562
643
3088
2082
21421
21492
985
5550
8338
4078
24114
30992
18278
12233
11232
18824
26038
28907
12931
31942
1734
11416
13595
7515
20532
25100
9674
17774
25049
9927
9436
12720
27888
28969
28932
146
18042
28990
11496
29109
30945
27611
7648
14753
6363
19434
18427
15803
24977
24066
2884
19569
23553
27195
9795
9656
5536
8256
16838
26552
10820
2469
27105
13253
9538
30331
6195
8082
32211
6178
13163
18081
12989
15967
10251
4094
18735
27310
32364
31789
13036
11738
4610
3937
24491
970
19938
11247
32190
8606
4737
28929
11763
27131
10431
29071
11960
31650
26148
22411
17026
3656
26217
18268
21871
4514
32314
6030
9770
17087
19258
12488
30223
11162
1352
10750
1167
16624
29953
29927
22998
4687
13189
11954
9388
16496
6014
26869
12185
11718
29535
32486
12621
7511
2282
19149
31806
13259
22005
20409
20883
3778
7789
11122
23361
26219
22427
25776
4468
27987
22694
27018
3888
25210
29786
21041
6712
2476
24615
15326
25135
32270
3181
20489
15101
4856
20983
19420
22132
14082
6341
7143
16692
3426
23566
24597
9931
12661
12165
27615
8481
22683
10716
5823
5908
17992
22662
28904
28255
18008
8386
12340
5312
8611
12757
26974
9306
16594
27798
26993
10072
29041
25648
17280
16083
325
23588
26264
12533
9183
26509
20467
8799
22129
3496
11630
32457
13793
6035
1085
21736
31516
27477
12254
10645
4525
6175
19787
1579
31886
30674
26228
17969
32061
2496
29164
26681
12563
27319
31459
26119
6354
3644
1364
22518
15997
7444
639
26520
28012
7433
27034
21917
12447
17898
18628
5878
2899
10196
25146
19770
8147
1712
10701
7752
14481
3837
13972
12078
26485
18384
31966
17993
12149
26136
25706
22702
27750
25895
3803
1737
27921
2158
25190
19524
29578
10888
11470
26410
4029
32123
29330
14925
2122
8250
15973
12005
17811
11630
1246
22905
29458
10101
28785
26115
19185
26027
10654
3919
16340
26345
28520
9636
30970
11596
5129
26790
21636
1848
12772
14459
25620
27036
11451
25133
6042
16247
21282
2895
2667
21147
13363
228
9876
12721
32132
28028
4717
14205
30038
15008
7281
5987
25871
8560
6476
4906
2027
11915
26678
15873
20974
15663
4480
28863
8989
11682
13164
21359
15085
23248
12610
8204
32764
4917
22688
649
28671
6397
28946
14868
19451
28010
27106
24476
21689
27511
6706
30097
11124
30139
18247
9451
10964
15247
25896
19309
19488
22899
17768
16171
27823
22702
10304
27466
1951
21045
25569
10759
14282
14542
5639
32762
5622
3701
5074
7324
18252
2303
3026
17416
20492
27133
3680
1534
32382
3555
28725
26157
556
30314
15157
22962
846
21554
8588
15836
20102
21420
9980
11314
26829
12599
29813
20407
8109
22665
2535
8044
27058
4945
16980
8727
11035
2842
24105
8003
13012
8819
1998
24968
937
26957
1660
28172
15796
12452
4943
21834
15383
354
1180
274
15089
31360
17284
9169
6538
23150
16329
11539
3281
14261
21985
26438
22025
11483
23369
8897
20927
31622
17692
4613
29439
27365
7396
15170
32455
25932
14256
8989
7100
6430
25447
5296
2588
8432
32347
10962
6132
30443
11553
32409
9619
14194
8865
7966
20030
30469
11881
13952
2341
12134
1351
44
22166
2042
30742
29787
19825
32113
3288
19676
7388
11434
11781
18195
22071
17616
25635
18242
4947
25802
19863
16647
19678
26578
18619
2342
29986
25955
1072
29833
10992
26713
26998
26757
6358
8532
5561
16479
21656
6237
21742
11279
21214
8652
21279
27715
17195
6760
30723
4007
26638
11985
8402
5476
16284
12827
11351
6374
4125
18364
3399
27363
11526
25768
22225
15257
2088
27578
30582
14935
25382
26966
5659
20030
13612
12877
17757
19529
6366
27136
292
20107
22159
13257
10875
4280
24244
5014
30111
30183
18584
16855
32341
7062
10577
30363
30337
7663
22258
28661
8949
29002
27650
14245
6791
29938
7981
27636
31590
9004
17210
4064
2734
629
829
9849
29241
15372
12046
7563
4281
31664
11257
19325
4099
31915
23991
1145
13742
26639
7069
2766
8669
26688
1556
24210
28761
5554
20553
12427
28643
8436
21030
31824
25544
24046
30336
3499
949
5223
22930
30018
11725
14794
11178
12406
32505
30761
11298
2188
17791
9858
20626
27914
471
5697
27716
19812
27066
23047
27624
13784
8571
27050
31113
13207
8090
18301
7360
17445
28311
2769
11048
21506
16644
29627
7441
4234
3038
27672
6777
4378
6941
6607
21560
7028
21642
26198
32122
1893
7377
8056
31090
1445
4823
5461
4429
19966
5453
22954
18021
30896
18054
1106
5304
1813
645
8461
14744
24449
31579
10881
21156
16492
28592
13950
26870
28371
12191
14214
15518
9179
25543
30605
25679
32184
19102
12285
5465
30669
24585
25341
10199
11796
9002
23027
11050
28609
28281
27975
7846
25890
5655
31083
8842
19658
16479
9496
13622
5102
11453
23770
20632
19983
23747
10190
31720
20441
21369
14762
9621
29004
24309
26111
22911
15129
8236
22715
10086
847
17672
14322
19874
15670
10427
4830
31765
123
20050
16932
17247
2958
27021
7512
1104
17737
27118
10692
29603
466
15376
9829
1513
3778
13626
6455
22467
19079
23860
16819
26196
19207
2649
5269
11254
22405
1006
9442
29996
14793
7858
7722
473
10875
1974
13322
18095
23761
12655
10998
25321
28010
5898
24117
7741
14457
18943
26413
780
23333
32233
18913
26845
25648
1685
19128
777
30679
31833
20864
18359
27386
31399
32178
17163
6525
11489
20472
10907
31726
7535
3308
17699
16488
31504
15651
31353
27319
18541
28266
8131
16316
10740
6735
21479
19
17891
21988
67
13812
27299
11967
20895
6743
28504
22853
15711
21852
694
5161
26365
7657
23574
25903
31159
31893
713
4918
19077
13765
8108
373
22094
7956
3324
20485
28763
25593
6252
26015
13580
32164
11125
18088
5322
25128
19950
23914
2876
11999
14044
6053
22206
21002
24459
32070
17423
30649
19678
9334
25161
15851
739
9942
13079
29685
22186
31753
11042
26920
4696
23924
5836
3758
8055
5953
14113
28853
11152
27306
11018
19152
31484
25972
30916
15257
24055
21177
19345
23452
31734
10475
14766
15216
26939
6422
9860
3367
15014
9061
5410
31977
3022
21736
32491
31963
11088
4756
652
2117
24935
5516
32562
8693
1213
31903
28665
4574
20865
5905
7079
9733
14010
19614
27802
31390
3547
18108
1279
3441
28823
16161
25413
8323
8438
6021
10961
12275
14249
7849
25844
32546
3227
9880
19994
278
3528
20524
836
8225
30802
12245
9144
10429
10193
12182
15094
23483
28651
21072
1775
27549
13350
15427
28274
26944
12793
9426
15335
25534
12585
5510
28735
16274
3667
6742
16939
2301
21444
18214
7564
17833
21649
13965
14123
2445
32229
26075
2219
21264
21141
4699
18620
29297
17658
31701
13201
102
25343
12375
14227
10243
2169
17717
23127
18398
2999
8527
27085
11889
6234
15506
19899
30143
11367
30914
3434
16955
27547
30582
23968
26853
15615
4452
19149
16566
26300
21214
21385
9022
7215
8605
1854
24716
12864
28606
32034
10830
28144
8202
14185
14905
8498
32634
18104
14251
2556
30714
16860
8335
10141
24686
26044
14722
31313
3571
29068
18739
24851
2663
4932
8976
2482
5163
30801
17695
10023
19239
22154
3369
25126
12047
357
18718
14323
21221
24427
9909
15223
27072
21481
18003
27795
4299
28905
29998
6580
31376
1376
21170
32680
24439
23465
25892
7088
22409
15410
24965
25558
378
2166
10937
22912
6887
555
19432
10822
28124
4796
29221
21249
14233
9977
10573
31012
27798
29454
24626
28240
32196
12977
30713
4642
790
14752
25281
1616
28480
26699
5510
26868
12479
22733
20804
2343
25625
22561
1887
18898
31590
32659
23874
9921
32527
628
4934
4089
19414
1042
21206
3916
29206
2536
10194
27690
6732
24081
10544
16826
4823
30211
5353
15145
27388
12665
25363
27203
16173
1457
5194
27712
6795
26840
16213
20704
4521
4547
8711
30650
31379
24543
14690
22480
26127
32619
9475
25960
15906
7652
22970
2583
11734
